bagging_fraction: 0.30000000000000004
bagging_freq: 1
best_value: 0.5171111111111111
early_stopping_rounds: 186
feature_fraction: 0.30000000000000004
lambda_l1: 30
lambda_l2: 5
learning_rate: 0.14768044884525974
max_depth: 7
metric: Accuracy
min_gain_to_split: 0.3377014851653831
n_estimators: 10000
num_leaves: 980
