bagging_fraction: 0.4
bagging_freq: 1
best_value: 0.5175555555555555
early_stopping_rounds: 193
feature_fraction: 0.5
lambda_l1: 95
lambda_l2: 90
learning_rate: 0.22510210444692458
max_depth: 9
metric: Accuracy
min_gain_to_split: 3.322022597617095
n_estimators: 10000
num_leaves: 2300
