bagging_fraction: 0.5
bagging_freq: 1
best_value: 17.43511611439128
early_stopping_rounds: 188
feature_fraction: 0.8
lambda_l1: 65
lambda_l2: 90
learning_rate: 0.110274671097312
max_depth: 6
metric: Log Loss
min_gain_to_split: 1.1680485993021956
n_estimators: 10000
num_leaves: 1820
