bagging_fraction: 0.2
bagging_freq: 1
best_value: 0.6622339859313475
early_stopping_rounds: 219
feature_fraction: 0.2
lambda_l1: 65
lambda_l2: 90
learning_rate: 0.1307378568807334
max_depth: 11
metric: F1
min_gain_to_split: 14.963319773025308
n_estimators: 10000
num_leaves: 580
