bagging_fraction: 0.30000000000000004
bagging_freq: 1
best_value: 0.5696485300219158
early_stopping_rounds: 445
feature_fraction: 0.2
lambda_l1: 95
lambda_l2: 55
learning_rate: 0.26191166123283977
max_depth: 3
metric: F1
min_gain_to_split: 8.832769983446815
n_estimators: 10000
num_leaves: 1360
