bagging_fraction: 0.8
bagging_freq: 1
best_value: 0.6020238575601271
early_stopping_rounds: 400
feature_fraction: 0.30000000000000004
lambda_l1: 90
lambda_l2: 30
learning_rate: 0.08260905516054738
max_depth: 5
metric: F1
min_gain_to_split: 3.9612323839150894
n_estimators: 10000
num_leaves: 1260
