bagging_fraction: 0.30000000000000004
bagging_freq: 1
best_value: 17.38906033506074
early_stopping_rounds: 228
feature_fraction: 0.4
lambda_l1: 40
lambda_l2: 55
learning_rate: 0.07254098200267446
max_depth: 5
metric: Log Loss
min_gain_to_split: 0.7557104999870938
n_estimators: 10000
num_leaves: 2580
