bagging_fraction: 0.2
bagging_freq: 1
best_value: 0.5135140476466035
early_stopping_rounds: 378
feature_fraction: 0.2
lambda_l1: 50
lambda_l2: 90
learning_rate: 0.23988865249336208
max_depth: 5
metric: ROC AUC
min_gain_to_split: 12.192376416446765
n_estimators: 10000
num_leaves: 1360
