LightGBM_bagging_fraction: 0.30000000000000004
LightGBM_bagging_freq: 1
LightGBM_feature_fraction: 0.5
LightGBM_lambda_l1: 95
LightGBM_lambda_l2: 80
LightGBM_learning_rate: 0.2380783680598167
LightGBM_max_depth: 5
LightGBM_min_data_in_leaf: 2300
LightGBM_min_gain_to_split: 13.867792742709582
LightGBM_n_estimators: 599
LightGBM_num_leaves: 1100
best_value: 0.6622339859313475
metric: F1
