bagging_fraction: 0.9
bagging_freq: 1
best_value: 0.5161944444444445
early_stopping_rounds: 403
feature_fraction: 0.30000000000000004
lambda_l1: 5
lambda_l2: 65
learning_rate: 0.1775667029014695
max_depth: 12
metric: Accuracy
min_gain_to_split: 4.830670277769793
n_estimators: 10000
num_leaves: 1460
