bagging_fraction: 0.2
bagging_freq: 1
best_value: 0.5166311559527832
early_stopping_rounds: 340
feature_fraction: 0.9
lambda_l1: 40
lambda_l2: 70
learning_rate: 0.19181080420497643
max_depth: 6
metric: ROC AUC
min_gain_to_split: 2.688496030219025
n_estimators: 10000
num_leaves: 1600
