LightGBM_bagging_fraction: 0.4
LightGBM_bagging_freq: 1
LightGBM_feature_fraction: 0.6000000000000001
LightGBM_lambda_l1: 75
LightGBM_lambda_l2: 40
LightGBM_learning_rate: 0.14214513989649682
LightGBM_max_depth: 5
LightGBM_min_data_in_leaf: 3600
LightGBM_min_gain_to_split: 13.45092637484759
LightGBM_n_estimators: 636
LightGBM_num_leaves: 100
best_value: 0.0005651842745330926
metric: R^2
