bagging_fraction: 0.2
bagging_freq: 1
best_value: 17.255899060039834
early_stopping_rounds: 368
feature_fraction: 0.30000000000000004
lambda_l1: 25
lambda_l2: 0
learning_rate: 0.20387537350861565
max_depth: 5
metric: Log Loss
min_gain_to_split: 4.785512202218638
n_estimators: 344
num_leaves: 920
