XGBoost_colsample_bytree: 0.2751063293364684
XGBoost_gamma: 1.3891136977455673e-06
XGBoost_learning_rate: 0.2496688128432161
XGBoost_max_depth: 6
XGBoost_min_child_weight: 9
XGBoost_n_estimators: 122
XGBoost_reg_alpha: 8.108308522799728
XGBoost_reg_lambda: 0.00704216751589478
XGBoost_subsample: 0.45145387957666716
best_value: 17.542245861964485
metric: Log Loss
