bagging_fraction: 0.6000000000000001
bagging_freq: 1
best_value: 0.02665077323526055
early_stopping_rounds: 356
feature_fraction: 0.8
lambda_l1: 5
lambda_l2: 10
learning_rate: 0.14829576874788186
max_depth: 8
metric: R^2
min_gain_to_split: 2.7190760896252857
n_estimators: 671
num_leaves: 1060
